35 55 78 83 
58 32 15 71 
43 66 55 84 
50 76 66 99 
26 31 53 90 
86 36 15 51 
24 43 3 88 
22 8 31 72 
66 69 98 70 
57 25 20 94 
72 51 65 70 
34 56 83 44 
86 22 58 30 
15 17 26 63 
34 40 72 58 
69 63 42 67 
79 76 71 53 
17 73 60 15 
72 3 80 72 
100 78 90 52 
36 25 1 101 
35 90 31 76 
20 56 96 18 
22 15 67 75 
94 99 47 43 
29 60 92 101 
93 32 62 85 
92 47 36 39 
84 59 83 70 
43 15 6 85 
76 42 47 29 
51 89 89 1 
67 21 59 18 
67 29 66 95 
61 18 49 1 
40 5 94 6 
30 75 8 42 
29 73 64 41 
50 41 88 47 
40 66 2 76 
91 75 27 34 
74 87 101 98 
41 67 100 83 
79 5 69 95 
46 47 7 41 
50 97 85 90 
40 1 45 93 
69 97 45 0 
96 95 54 50 
29 65 42 64 
11 6 69 3 
60 31 38 96 
74 48 55 97 
58 56 54 72 
31 72 6 22 
100 84 92 6 
49 37 25 79 
92 21 20 68 
90 65 48 86 
45 53 36 32 
71 78 100 19 
32 23 92 6 
68 101 96 95 
83 11 69 95 
14 76 87 15 
64 53 25 64 
97 37 57 96 
67 41 26 79